00000000000000001000000000100000
00000000000000001000100000100000
00100000000100100000000000000100
00100000000100110000000000001010
00100000000101111111111111111111
00000010010100010100000000101010
00010101000000000000000000001110
00000010001100101010000000100000
00000000000101001010000001000010
00000000000101000100100010000000
00000010000010011010100000100000
10001110101101100000000000000000
00010010110100110000000000000110
00000010110100110100000000101010
00010001000000000000000000000010
00100010100100010000000000000001
00010000000000001111111111110100
00100010100100101111111111111111
00010000000000001111111111110010
00000000000101001011100000100000
00010000000000000000000000000000
00010000000000001111111111111111