10001100000100000000000000000000
00100000000100010000000000000100
00000000000000000100000000100000
00000010000010000100100000100010
00100001001010011111111111111111
00000000000010010101000000101010
00010001010000000000000000001111
00000000000000000101100000100000
00000010001000000110000000100000
00000001011010010101000000101010
00010001010000000000000000001001
10001101100011010000000000000000
10001101100011100000000000000100
00000001110011010111100000101010
00010001111000000000000000000010
10101101100011100000000000000000
10101101100011010000000000000100
00100001011010110000000000000001
00100001100011000000000000000100
00010000000000001111111111110101
00100001000010000000000000000001
00010000000000001111111111101101
00000000000100000100000001000010
00000000000010000100000010000000
00000001000100010100000000100000
10001101000010010000000000000000
10101100000010010000000000011000
00000000000000000100000000100000
00000010001000000100100000100000
00000000000000000101000000100000
00000001000100000101100000101010
00010001011000000000000000000101
10001101001011000000000000000000
00000001010011000101000000100000
00100001000010000000000000000001
00100001001010010000000000000100
00010000000000001111111111111001
00000000000000000110100000100000
00000001010100000101100000101010
00010101011000000000000000000011
00000001010100000101000000100010
00100001101011010000000000000001
00010000000000001111111111111011
10101100000011010000000000011100
00100000000000100000000000001010
00000000000000000000000000001100