00000000
00000000
10000000
00100000
00000000
00000000
10001000
00100000
00100000
00010010
00000000
00000100
00100000
00010011
00000000
00001010
00100000
00010111
11111111
11111111
00000010
01010001
01000000
00101010
00010101
00000000
00000000
00001110
00000010
00110010
10100000
00100000
00000000
00010100
10100000
01000010
00000000
00010100
01001000
10000000
00000010
00001001
10101000
00100000
10001110
10110110
00000000
00000000
00010010
11010011
00000000
00000110
00000010
11010011
01000000
00101010
00010001
00000000
00000000
00000010
00100010
10010001
00000000
00000001
00010000
00000000
11111111
11110100
00100010
10010010
11111111
11111111
00010000
00000000
11111111
11110010
00000000
00010100
10111000
00100000
00010000
00000000
00000000
00000000
00010000
00000000
11111111
11111111
