00111100000000010001000000000001
00110100001100000000000000000000
00111100000000010001000000000001
10001100001100010000000000011100
00100100000010000000000000000000
00100100000100100000000000000000
00010001000100010000000000000110
00000000000010000100100010000000
00000010000010010101000000100000
10001101010010110000000000000000
00000010010010111001000000100000
00100001000010000000000000000001
00001000000100000000000000000110
00000000000100100100000000100001
00100100000100110000000000000000
00000001000100010000100000101010
00010100001000000000000000000011
00000001000100010100000000100010
00100010011100110000000000000001
00001000000100000000000000001111
00000000000010001010000000100001
00100010001010001111111111111111
00100100000010010000000000000000
00011001000000000000000000001101
00000000000010010101000010000000
00000010000010100101100000100000
10001101011011000000000000000000
10001101011011010000000000000100
00000001101011000000100000101010
00010000001000000000000000000010
10101101011011010000000000000000
10101101011011000000000000000100
00100001001010010000000000000001
00000001000010010111000000100010
00011101110000001111111111110101
00100001000010001111111111111111
00001000000100000000000000010110
00000000000100010100000000100001
00100100000010010000000000000000
00101001000000010000000000000010
00010100001000000000000000000100
00100000000000010000000000000010
00000001000000010100000000100010
00100001001010010000000000000001
00001000000100000000000000100111
00000000000010010100100010000000
00000010000010010101000000100000
10001101010101010000000000000000
00100100000000100000000000001010
00000000000000000000000000001100